[gd_scene load_steps=8 format=2]

[ext_resource path="res://scenes/Game.tscn" type="PackedScene" id=1]
[ext_resource path="res://assets/space.png" type="Texture" id=2]
[ext_resource path="res://scenes/ui/GameHUD.tscn" type="PackedScene" id=3]
[ext_resource path="res://scenes/effects/ScreenShake.tscn" type="PackedScene" id=4]
[ext_resource path="res://scripts/Main.gd" type="Script" id=5]

[sub_resource type="PanoramaSky" id=1]
panorama = ExtResource( 2 )

[sub_resource type="Environment" id=2]
background_mode = 2
background_sky = SubResource( 1 )
ambient_light_color = Color( 1, 1, 1, 1 )
ambient_light_energy = 16.0
fog_enabled = true
fog_color = Color( 0, 0, 0, 1 )
fog_sun_color = Color( 0, 0, 0, 1 )
tonemap_mode = 2
auto_exposure_enabled = true
ss_reflections_enabled = true
ss_reflections_max_steps = 128
ssao_radius = 23.74
ssao_color = Color( 0.929412, 0, 1, 1 )
glow_enabled = true
glow_bicubic_upscale = true

[node name="Main" type="Spatial"]
script = ExtResource( 5 )

[node name="DirectionalLight" type="DirectionalLight" parent="."]
transform = Transform( 1, 0, 0, 0, -0.707107, 0.707107, 0, -0.707107, -0.707107, 0, 25, -30 )

[node name="SpotLight" type="SpotLight" parent="."]
transform = Transform( -0.5, 2.10847e-08, 0.866025, 1.4924e-07, 1, 6.18172e-08, -0.866025, 1.60154e-07, -0.5, 30, 0, -18 )
light_color = Color( 1, 0.588235, 0.588235, 1 )
light_energy = 6.0
spot_range = 58.0
spot_angle = 29.0037

[node name="SpotLight2" type="SpotLight" parent="."]
transform = Transform( -0.707107, 6.18172e-08, -0.707107, -8.74228e-08, -1, 0, -0.707107, 6.18172e-08, 0.707107, -20, 5, 20 )
light_color = Color( 0.588235, 0.588235, 1, 1 )
light_energy = 6.0
spot_range = 58.0
spot_angle = 29.0037

[node name="Camera" type="Camera" parent="."]
transform = Transform( 1, 0, 0, 0, -4.37114e-08, 1, 0, -1, -4.37114e-08, 0, 15, 0 )

[node name="ScreenShake" parent="Camera" instance=ExtResource( 4 )]
transform = Transform( 1, 0, 0, 0, -4.37114e-08, -1, 0, 1, -4.37114e-08, 0, 6.55671e-07, -15 )

[node name="Game" parent="." instance=ExtResource( 1 )]

[node name="GameHUD" parent="." instance=ExtResource( 3 )]

[node name="WorldEnvironment" type="WorldEnvironment" parent="."]
environment = SubResource( 2 )
