[gd_scene load_steps=7 format=2]

[ext_resource path="res://scenes/ui/MainMenu.tscn" type="PackedScene" id=1]
[ext_resource path="res://assets/space/space.png" type="Texture" id=2]
[ext_resource path="res://scenes/ui/SceneTransition.tscn" type="PackedScene" id=3]
[ext_resource path="res://scenes/effects/ScreenShake.tscn" type="PackedScene" id=4]

[sub_resource type="PanoramaSky" id=1]
panorama = ExtResource( 2 )

[sub_resource type="Environment" id=2]
background_mode = 2
background_sky = SubResource( 1 )
fog_color = Color( 0, 0, 0, 1 )
fog_sun_color = Color( 0, 0, 0, 1 )
tonemap_mode = 2
ssao_radius = 23.74
ssao_color = Color( 0.929412, 0, 1, 1 )
glow_enabled = true
glow_intensity = 0.3
glow_strength = 0.8
glow_blend_mode = 0
glow_bicubic_upscale = true

[node name="Main" type="Spatial"]

[node name="DirectionalLight" type="DirectionalLight" parent="."]
transform = Transform( 1, 0, 0, 0, -0.707107, 0.707107, 0, -0.707107, -0.707107, 0, 25, -30 )

[node name="SpotLight" type="SpotLight" parent="."]
transform = Transform( -0.707107, 0, 0.707107, 0, 1, 0, -0.707107, 0, -0.707107, 20, 0, -20 )
light_color = Color( 1, 0.588235, 0.588235, 1 )
light_energy = 6.0
spot_range = 58.0
spot_angle = 29.0037

[node name="SpotLight2" type="SpotLight" parent="."]
transform = Transform( -0.707107, 0, -0.707107, 0, 1, 0, 0.707107, 0, -0.707107, -20, 5, -20 )
light_color = Color( 0.588235, 0.588235, 1, 1 )
light_energy = 6.0
spot_range = 58.0
spot_angle = 29.0037

[node name="Camera" type="Camera" parent="."]
transform = Transform( 1, 0, 0, 0, -4.37114e-08, 1, 0, -1, -4.37114e-08, 0, 15, 0 )

[node name="ScreenShake" parent="Camera" instance=ExtResource( 4 )]
transform = Transform( 1, 0, 0, 0, -4.37114e-08, -1, 0, 1, -4.37114e-08, 0, 6.55671e-07, -15 )

[node name="WorldEnvironment" type="WorldEnvironment" parent="."]
environment = SubResource( 2 )

[node name="MainMenu" parent="." instance=ExtResource( 1 )]

[node name="SceneTransition" parent="." instance=ExtResource( 3 )]
visible = false
