[gd_scene load_steps=2 format=2]

[ext_resource path="res://scenes/Player.tscn" type="PackedScene" id=1]

[node name="GameSpace" type="Spatial"]

[node name="DirectionalLight" type="DirectionalLight" parent="."]
transform = Transform( 1, 0, 0, 0, -0.707107, 0.707107, 0, -0.707107, -0.707107, 0, 25, -30 )

[node name="SpotLight" type="SpotLight" parent="."]
transform = Transform( -0.707107, 0, 0.707107, 0, 1, 0, -0.707107, 0, -0.707107, 20, 0, -20 )
light_color = Color( 1, 0.686275, 0.352941, 1 )
light_energy = 6.0
spot_range = 58.0
spot_angle = 29.0037

[node name="SpotLight2" type="SpotLight" parent="."]
transform = Transform( 0.707107, 0, -0.707107, 0, 1, 0, 0.707107, 0, 0.707107, -20, 5, 20 )
light_color = Color( 0.46875, 0.46875, 1, 1 )
light_energy = 6.0
spot_range = 58.0
spot_angle = 29.0037

[node name="Camera" type="Camera" parent="."]
transform = Transform( 1, 0, 0, 0, -4.37114e-08, 1, 0, -1, -4.37114e-08, 0, 15, 0 )

[node name="Spatial" type="Spatial" parent="."]

[node name="Player" parent="." instance=ExtResource( 1 )]
