[gd_scene load_steps=8 format=2]

[ext_resource path="res://scenes/ui/MainMenu.tscn" type="PackedScene" id=1]
[ext_resource path="res://assets/space/space.png" type="Texture" id=2]
[ext_resource path="res://scenes/ui/ScrollingBackground.tscn" type="PackedScene" id=3]
[ext_resource path="res://scripts/ShakeCamera.gd" type="Script" id=4]
[ext_resource path="res://scenes/ui/SplashScreen.tscn" type="PackedScene" id=5]

[sub_resource type="PanoramaSky" id=1]
panorama = ExtResource( 2 )

[sub_resource type="Environment" id=2]
background_mode = 2
background_sky = SubResource( 1 )
fog_color = Color( 0, 0, 0, 1 )
fog_sun_color = Color( 0, 0, 0, 1 )
tonemap_mode = 2
ssao_enabled = true
ssao_radius = 128.0
ssao_intensity = 128.0
ssao_color = Color( 1, 1, 1, 1 )
glow_enabled = true
glow_intensity = 0.3
glow_strength = 0.8
glow_blend_mode = 0
glow_bicubic_upscale = true

[node name="Main" type="Node"]

[node name="WorldEnvironment" type="WorldEnvironment" parent="."]
environment = SubResource( 2 )

[node name="ScrollingBackground" parent="." instance=ExtResource( 3 )]

[node name="ViewportContainer" type="ViewportContainer" parent="."]
pause_mode = 2
anchor_right = 1.0
anchor_bottom = 1.0
stretch = true
__meta__ = {
"_edit_use_anchors_": false
}

[node name="Viewport" type="Viewport" parent="ViewportContainer"]
size = Vector2( 600, 800 )
transparent_bg = true
handle_input_locally = false
msaa = 2
render_target_update_mode = 3

[node name="DirectionalLight" type="DirectionalLight" parent="ViewportContainer/Viewport"]
transform = Transform( 1, 0, 0, 0, -0.707107, 0.707107, 0, -0.707107, -0.707107, 0, 25, -30 )

[node name="SpotLight" type="SpotLight" parent="ViewportContainer/Viewport"]
transform = Transform( -0.707107, 0, 0.707107, 0, 1, 0, -0.707107, 0, -0.707107, 20, 0, -20 )
light_color = Color( 0.784314, 0.392157, 0, 1 )
light_energy = 6.0
spot_range = 58.0
spot_angle = 29.0037

[node name="SpotLight2" type="SpotLight" parent="ViewportContainer/Viewport"]
transform = Transform( 0.707107, 0, -0.707107, 0, 1, 0, 0.707107, 0, 0.707107, -20, 5, 20 )
light_color = Color( 0.235294, 0.235294, 1, 1 )
light_energy = 6.0
spot_range = 58.0
spot_angle = 29.0037

[node name="Camera" type="Camera" parent="ViewportContainer/Viewport"]
transform = Transform( 1, 0, 0, 0, -4.37114e-08, 1, 0, -1, -4.37114e-08, 0, 15, 0 )

[node name="MainMenu" parent="." instance=ExtResource( 1 )]

[node name="SplashScreen" parent="." instance=ExtResource( 5 )]

[node name="ShakeCamera" type="Camera2D" parent="."]
position = Vector2( 300, 400 )
current = true
script = ExtResource( 4 )
